READ SERR 1 2
@060218_xrt_wt.pco
!
0.715000033 5.00002503E-3 0.142732307 7.47450301E-3 0.714976668
0.725000024 4.99999523E-3 0.16945684 8.14184267E-3 0.724977016
0.735000014 4.99999523E-3 0.17260693 8.19548219E-3 0.734977365
0.745000005 4.99999523E-3 0.181469604 8.42776988E-3 0.744977653
0.754999995 4.99999523E-3 0.20376724 8.98078457E-3 0.754977942
0.764999986 4.99999523E-3 0.205060244 8.97435378E-3 0.76497817
0.774999976 4.99999523E-3 0.196187675 8.83563422E-3 0.774978459
0.784999967 5.00002503E-3 0.219642341 9.30959918E-3 0.784978747
0.795000017 4.99999523E-3 0.215944916 9.20313597E-3 0.794979036
0.805000007 4.99999523E-3 0.258411884 1.01225339E-2 0.804979324
0.814999998 4.99999523E-3 0.239016876 9.74079035E-3 0.814979553
0.824999988 4.99999523E-3 0.266342163 1.02776615E-2 0.824979782
0.834999979 4.99999523E-3 0.265779436 1.03165964E-2 0.834980011
0.845000029 5.00002503E-3 0.271711349 1.04825869E-2 0.844980299
0.855000019 4.99999523E-3 0.262879163 1.02744475E-2 0.854980528
0.86500001 4.99999523E-3 0.28039813 1.06989723E-2 0.864980757
0.875 4.99999523E-3 0.283731639 1.07488763E-2 0.874980927
0.88499999 4.99999523E-3 0.310362905 1.1244419E-2 0.884981155
0.894999981 4.99999523E-3 0.286673635 1.08405827E-2 0.894981384
0.904999971 5.00002503E-3 0.313454658 1.1309674E-2 0.904981613
0.915000021 4.99999523E-3 0.324105501 1.15548782E-2 0.914981782
0.925000012 4.99999523E-3 0.351686299 1.20333862E-2 0.924982011
0.935000002 4.99999523E-3 0.331898659 1.17440298E-2 0.934982181
0.944999993 4.99999523E-3 0.36822331 1.23700527E-2 0.94498235
0.954999983 4.99999523E-3 0.360242456 1.22508537E-2 0.954982519
0.965000033 5.00002503E-3 0.363769561 1.23318704E-2 0.964982748
0.975000024 4.99999523E-3 0.372483909 1.25896111E-2 0.974982917
0.985000014 4.99999523E-3 0.392614335 1.29108429E-2 0.984983087
0.995000005 4.99999523E-3 0.399969488 1.30778886E-2 0.994983256
1.005 4.99999523E-3 0.377226591 1.2732585E-2 1.00498343
1.01499999 4.99999523E-3 0.413168162 1.33780893E-2 1.01498353
1.02499998 4.99999523E-3 0.419559836 1.35111501E-2 1.02498376
1.03499997 4.99999523E-3 0.44227314 1.39086014E-2 1.03498387
1.04499996 4.99999523E-3 0.409172505 1.33946352E-2 1.04498398
1.05499995 4.99999523E-3 0.416692466 1.35860983E-2 1.05498409
1.06500006 5.00005484E-3 0.428938121 1.38496095E-2 1.06498432
1.07500005 4.99999523E-3 0.416986853 1.3689585E-2 1.07498455
1.08500004 4.99999523E-3 0.438474417 1.40770366E-2 1.08498466
1.09500003 4.99999523E-3 0.42934978 1.40131926E-2 1.09498477
1.10500002 4.99999523E-3 0.456044197 1.45241953E-2 1.10498488
1.11500001 4.99999523E-3 0.442658365 1.43115129E-2 1.11498511
1.125 4.99999523E-3 0.454572439 1.45783229E-2 1.12498522
1.13499999 4.99999523E-3 0.473885536 1.49541404E-2 1.13498533
1.14499998 4.99999523E-3 0.462170392 1.48225175E-2 1.14498544
1.15499997 4.99999523E-3 0.495850295 1.54475132E-2 1.15498555
1.16499996 4.99999523E-3 0.456355363 1.48550998E-2 1.16498566
1.17499995 4.99999523E-3 0.502529025 1.56901628E-2 1.17498577
1.18499994 5.00005484E-3 0.506343901 1.58051327E-2 1.184986
1.19500005 4.99999523E-3 0.476991773 1.53925959E-2 1.1949861
1.20500004 4.99999523E-3 0.50473249 1.5956169E-2 1.20498621
1.21500003 4.99999523E-3 0.519481838 1.6177455E-2 1.21498632
1.22500002 4.99999523E-3 0.508656919 1.61145665E-2 1.22498643
1.23500001 4.99999523E-3 0.513159335 1.62263289E-2 1.23498654
1.245 4.99999523E-3 0.509614527 1.63094047E-2 1.24498665
1.255 4.99999523E-3 0.537350535 1.67904999E-2 1.25498676
1.26499999 4.99999523E-3 0.503850043 1.63280591E-2 1.26498675
1.27499998 4.99999523E-3 0.507460296 1.64329112E-2 1.27498686
1.28499997 4.99999523E-3 0.517386794 1.67519189E-2 1.28498697
1.29499996 4.99999523E-3 0.539165318 1.71848778E-2 1.29498708
1.30499995 4.99999523E-3 0.557610989 1.756333E-2 1.30498719
1.31500006 5.00005484E-3 0.531141043 1.71495508E-2 1.3149873
1.32500005 4.99999523E-3 0.536672354 1.73861813E-2 1.32498741
1.33500004 4.99999523E-3 0.528416693 1.73205119E-2 1.33498752
1.34500003 4.99999523E-3 0.557357788 1.79016329E-2 1.34498763
1.35500002 4.99999523E-3 0.527093709 1.7447304E-2 1.35498774
1.36500001 4.99999523E-3 0.58170557 1.84888225E-2 1.36498785
1.375 4.99999523E-3 0.602606952 1.88929178E-2 1.37498784
1.38499999 4.99999523E-3 0.594979763 1.88500304E-2 1.38498795
1.39499998 4.99999523E-3 0.584487736 1.88297126E-2 1.39498806
1.40499997 4.99999523E-3 0.584609151 1.88949611E-2 1.40498805
1.41499996 4.99999523E-3 0.589298546 1.90378968E-2 1.41498816
1.42499995 4.99999523E-3 0.591864288 1.92551911E-2 1.42498827
1.43499994 5.00005484E-3 0.568072796 1.89187322E-2 1.43498838
1.44500005 4.99999523E-3 0.579389215 1.92720797E-2 1.44498849
1.45500004 4.99999523E-3 0.582490683 1.94190592E-2 1.4549886
1.46500003 4.99999523E-3 0.584049106 1.95792932E-2 1.46498871
1.47500002 4.99999523E-3 0.619395494 2.02808492E-2 1.4749887
1.48500001 4.99999523E-3 0.592397928 1.99490394E-2 1.48498881
1.495 4.99999523E-3 0.599691391 2.02016421E-2 1.4949888
1.505 4.99999523E-3 0.591266751 2.0223815E-2 1.50498891
1.51499999 4.99999523E-3 0.618504226 2.08062865E-2 1.51498902
1.52499998 4.99999523E-3 0.593047738 2.05746684E-2 1.52498901
1.53499997 4.99999523E-3 0.636369824 2.1467261E-2 1.53498912
1.54499996 4.99999523E-3 0.662067056 2.20776629E-2 1.54498923
1.55499995 4.99999523E-3 0.648692191 2.20355503E-2 1.55498922
1.56500006 5.00005484E-3 0.672072828 2.26825308E-2 1.56498933
1.57500005 4.99999523E-3 0.647820532 2.24148259E-2 1.57498944
1.58500004 4.99999523E-3 0.607593954 2.18655802E-2 1.58498955
1.59500003 4.99999523E-3 0.623939514 2.23948974E-2 1.59498954
1.60500002 4.99999523E-3 0.617591321 2.24651024E-2 1.60498965
1.61500001 4.99999523E-3 0.635186315 2.29030829E-2 1.61498964
1.625 4.99999523E-3 0.691732943 2.40933616E-2 1.62498975
1.63499999 4.99999523E-3 0.690571845 2.42171232E-2 1.63498974
1.64499998 4.99999523E-3 0.671173096 2.40902398E-2 1.64498985
1.65499997 4.99999523E-3 0.669835865 2.42154971E-2 1.65498996
1.66499996 4.99999523E-3 0.724071622 2.52965633E-2 1.66498995
1.67499995 4.99999523E-3 0.664949358 2.43353266E-2 1.67499006
1.68499994 5.00005484E-3 0.666037858 2.45645437E-2 1.68499017
1.69500005 4.99999523E-3 0.68961519 2.51361486E-2 1.69499028
1.70500004 4.99999523E-3 0.663901567 2.48338468E-2 1.70499027
1.71500003 4.99999523E-3 0.741048574 2.64672507E-2 1.71499026
1.72500002 4.99999523E-3 0.698903918 2.57930197E-2 1.72499037
1.73500001 4.99999523E-3 0.711051047 2.61796284E-2 1.73499036
1.745 4.99999523E-3 0.732112169 2.67301649E-2 1.74499047
1.755 4.99999523E-3 0.721324265 2.67751627E-2 1.75499046
1.76499999 4.99999523E-3 0.691781938 2.64182277E-2 1.76499057
1.77499998 4.99999523E-3 0.670505583 2.62759048E-2 1.77499056
1.78499997 4.99999523E-3 0.763187766 2.83214729E-2 1.78499067
1.79499996 4.99999523E-3 0.754520774 2.85432972E-2 1.79499066
1.80499995 4.99999523E-3 0.697875917 2.77798194E-2 1.80499077
1.81500006 5.00005484E-3 0.72544843 2.8840825E-2 1.81499076
1.82500005 4.99999523E-3 0.777323306 3.04027703E-2 1.82499087
1.83500004 4.99999523E-3 0.684143305 2.9074112E-2 1.83499098
1.84500003 4.99999523E-3 0.702354372 2.9943848E-2 1.84499097
1.85500002 4.99999523E-3 0.747607052 3.16772908E-2 1.85499108
1.86500001 4.99999523E-3 0.786617219 3.29380669E-2 1.86499107
1.875 4.99999523E-3 0.771416605 3.30969952E-2 1.87499106
1.88499999 4.99999523E-3 0.824594855 3.45889889E-2 1.88499117
1.89499998 4.99999523E-3 0.764929652 3.34767438E-2 1.89499116
1.90499997 4.99999523E-3 0.792687714 3.44090648E-2 1.90499127
1.91499996 4.99999523E-3 0.848232329 3.5574723E-2 1.91499126
1.92499995 4.99999523E-3 0.796934128 3.47930975E-2 1.92499125
1.93499994 5.00005484E-3 0.883848548 3.67408358E-2 1.93499136
1.94500005 4.99999523E-3 0.787206292 3.47186774E-2 1.94499147
1.95500004 4.99999523E-3 0.790631413 3.49536724E-2 1.95499146
1.96500003 4.99999523E-3 0.791635573 3.51142436E-2 1.96499157
1.97500002 4.99999523E-3 0.829519928 3.60784866E-2 1.97499156
1.98500001 4.99999523E-3 0.876396298 3.70642394E-2 1.98499167
1.995 4.99999523E-3 0.798851192 3.55116613E-2 1.99499166
2.00500011 4.99999523E-3 0.741022408 3.4397155E-2 2.00499177
2.01499987 4.99999523E-3 0.853302538 3.70265841E-2 2.01499176
2.0250001 4.99999523E-3 0.806858838 3.62759866E-2 2.02499175
2.03499985 4.99999523E-3 0.846679389 3.71446013E-2 2.03499174
2.04500008 4.99999523E-3 0.828759134 3.71652171E-2 2.04499173
2.05499983 4.99999523E-3 0.792995334 3.6360614E-2 2.05499172
2.06500006 4.99999523E-3 0.831905425 3.74604315E-2 2.06499195
2.07499981 4.99999523E-3 0.859072745 3.82041037E-2 2.07499194
2.08500004 4.99999523E-3 0.809284985 3.70732211E-2 2.08499193
2.09499979 4.99999523E-3 0.911140501 3.99004333E-2 2.09499192
2.10500002 4.99999523E-3 0.876145303 3.92686538E-2 2.10499191
2.11499977 4.99999523E-3 0.824599922 3.84503864E-2 2.1149919
2.125 5.00011444E-3 0.901062846 4.02461141E-2 2.12499213
2.13500023 4.99999523E-3 0.810657859 3.83349806E-2 2.13499236
2.14499998 4.99999523E-3 0.829816282 3.89432162E-2 2.14499235
2.15500021 4.99999523E-3 0.891582131 4.06506993E-2 2.15499234
2.16499996 4.99999523E-3 0.799319267 3.91978286E-2 2.16499233
2.17500019 4.99999523E-3 0.82450223 4.00581099E-2 2.17499232
2.18499994 4.99999523E-3 0.900066912 4.21473496E-2 2.18499255
2.19500017 4.99999523E-3 0.898485363 4.29399572E-2 2.19499254
2.20499992 4.99999523E-3 0.834258795 4.20082733E-2 2.20499253
2.21500015 4.99999523E-3 0.962261677 4.55315895E-2 2.21499252
2.2249999 4.99999523E-3 0.863726974 4.37864065E-2 2.22499251
2.23500013 4.99999523E-3 0.880137444 4.4880569E-2 2.2349925
2.24499989 4.99999523E-3 0.87165314 4.53121439E-2 2.24499249
2.25500011 4.99999523E-3 0.946991742 4.79498617E-2 2.25499249
2.26499987 4.99999523E-3 1.00087535 5.00994772E-2 2.26499271
2.2750001 4.99999523E-3 0.807069302 4.5503404E-2 2.2749927
2.28499985 4.99999523E-3 0.936392903 4.95923832E-2 2.28499269
2.29500008 4.99999523E-3 0.854991555 4.81288768E-2 2.29499269
2.30499983 4.99999523E-3 0.991228402 5.23402579E-2 2.30499268
2.31500006 4.99999523E-3 1.03414106 5.39337844E-2 2.31499267
2.32499981 4.99999523E-3 0.870227158 4.97435182E-2 2.32499266
2.33500004 4.99999523E-3 0.969883561 5.30235954E-2 2.33499289
2.34499979 4.99999523E-3 1.01971972 5.45390621E-2 2.34499288
2.35500002 4.99999523E-3 0.997353256 5.42070195E-2 2.35499287
2.36499977 4.99999523E-3 0.997962654 5.4634057E-2 2.36499286
2.375 5.00011444E-3 0.919864714 5.26141115E-2 2.37499309
2.38500023 4.99999523E-3 1.05568397 5.61845303E-2 2.38499308
2.39499998 4.99999523E-3 0.835270941 5.01336493E-2 2.39499307
2.40500021 4.99999523E-3 0.972214997 5.42080253E-2 2.40499306
2.41499996 4.99999523E-3 0.95843035 5.40693849E-2 2.41499329
2.42500019 4.99999523E-3 1.0469234 5.64298369E-2 2.42499328
2.43499994 4.99999523E-3 1.09007764 5.74059784E-2 2.43499327
2.44500017 4.99999523E-3 0.974225163 5.45751564E-2 2.44499326
2.45499992 4.99999523E-3 0.983661652 5.46038896E-2 2.45499325
2.46500015 4.99999523E-3 0.953706324 5.39426841E-2 2.46499324
2.4749999 4.99999523E-3 0.967422307 5.42911477E-2 2.47499323
2.48500013 4.99999523E-3 0.907939732 5.28100953E-2 2.48499322
2.49499989 4.99999523E-3 0.999058664 5.57047576E-2 2.49499321
2.50500011 4.99999523E-3 1.09415793 5.82646355E-2 2.50499344
2.51499987 4.99999523E-3 1.03728652 5.6911014E-2 2.51499343
2.5250001 4.99999523E-3 1.08151484 5.80546893E-2 2.52499342
2.53499985 4.99999523E-3 0.965058148 5.50265945E-2 2.53499341
2.54500008 4.99999523E-3 1.05896378 5.7721369E-2 2.5449934
2.55499983 4.99999523E-3 1.0074091 5.64821325E-2 2.55499339
2.56500006 4.99999523E-3 0.966905177 5.53602986E-2 2.56499338
2.57499981 4.99999523E-3 0.995524228 5.64401262E-2 2.57499337
2.58500004 4.99999523E-3 0.988269627 5.62161654E-2 2.58499336
2.59499979 4.99999523E-3 1.12776387 6.02773316E-2 2.59499359
2.60500002 4.99999523E-3 0.996443629 5.68654239E-2 2.60499358
2.61499977 4.99999523E-3 0.973018646 5.64049035E-2 2.61499357
2.625 5.00011444E-3 1.04568756 5.85427247E-2 2.62499356
2.63500023 4.99999523E-3 1.07197952 5.95498867E-2 2.63499379
2.64499998 4.99999523E-3 1.05574262 5.94294891E-2 2.64499378
2.65500021 4.99999523E-3 0.987845063 5.77434227E-2 2.65499377
2.66499996 4.99999523E-3 1.12260532 6.16930276E-2 2.66499376
2.67500019 4.99999523E-3 1.01870501 5.88618368E-2 2.67499375
2.68499994 4.99999523E-3 0.969662249 5.83311245E-2 2.68499374
2.69500017 4.99999523E-3 1.01050568 5.92792891E-2 2.69499397
2.70499992 4.99999523E-3 1.00704873 5.95352054E-2 2.70499396
2.71500015 4.99999523E-3 1.0801034 6.18414767E-2 2.71499395
2.7249999 4.99999523E-3 1.06375992 6.23548962E-2 2.72499394
2.73500013 4.99999523E-3 1.14753103 6.43927008E-2 2.73499393
2.74499989 4.99999523E-3 1.06811452 6.24442883E-2 2.74499393
2.75500011 4.99999523E-3 1.04313362 6.17844053E-2 2.75499392
2.76499987 4.99999523E-3 1.05338323 6.27532005E-2 2.76499391
2.7750001 4.99999523E-3 0.891793311 5.77903353E-2 2.7749939
2.78499985 4.99999523E-3 1.0505929 6.26674518E-2 2.78499389
2.79500008 4.99999523E-3 1.045169 6.25141114E-2 2.79499388
2.80499983 4.99999523E-3 0.986500263 6.12184703E-2 2.80499411
2.81500006 4.99999523E-3 1.0840956 6.44179508E-2 2.8149941
2.82499981 4.99999523E-3 1.08442724 6.43865317E-2 2.82499409
2.83500004 4.99999523E-3 1.08982241 6.49746656E-2 2.83499408
2.84499979 4.99999523E-3 1.07725143 6.40302077E-2 2.84499407
2.85500002 4.99999523E-3 1.12487543 6.54348657E-2 2.85499406
2.86499977 4.99999523E-3 1.08389986 6.48658499E-2 2.86499405
2.875 5.00011444E-3 0.9579494 6.09925725E-2 2.87499428
2.88500023 4.99999523E-3 1.13260591 6.62145987E-2 2.88499427
2.89499998 4.99999523E-3 1.0591532 6.43125623E-2 2.89499426
2.90500021 4.99999523E-3 1.12757027 6.64177388E-2 2.90499425
2.91499996 4.99999523E-3 1.057423 6.41096458E-2 2.91499448
2.92500019 4.99999523E-3 1.12975168 6.65570423E-2 2.92499447
2.93499994 4.99999523E-3 1.09177232 6.53567314E-2 2.93499446
2.94500017 4.99999523E-3 1.04596353 6.40616044E-2 2.94499445
2.95499992 4.99999523E-3 1.12956417 6.6841118E-2 2.95499444
2.96500015 4.99999523E-3 1.06062305 6.50155023E-2 2.96499443
2.9749999 4.99999523E-3 0.961611271 6.18079901E-2 2.97499442
2.98500013 4.99999523E-3 1.01057136 6.33437186E-2 2.98499441
2.99499989 4.99999523E-3 1.07521892 6.54936582E-2 2.9949944
3.00500011 4.99999523E-3 1.11766148 6.72041178E-2 3.00499439
3.01499987 4.99999523E-3 1.147735 6.79237172E-2 3.01499438
3.0250001 4.99999523E-3 1.02416193 6.45689815E-2 3.02499437
3.03499985 4.99999523E-3 1.09479129 6.69842809E-2 3.03499436
3.04500008 4.99999523E-3 1.11435091 6.73791245E-2 3.04499459
3.05499983 4.99999523E-3 0.992513239 6.40488863E-2 3.05499458
3.06500006 4.99999523E-3 1.08627188 6.71631098E-2 3.06499457
3.07499981 4.99999523E-3 1.12566388 6.83727413E-2 3.07499456
3.08500004 4.99999523E-3 1.23469949 7.21730366E-2 3.08499455
3.09499979 4.99999523E-3 1.1318928 6.91250712E-2 3.09499454
3.10500002 4.99999523E-3 1.08269739 6.79172575E-2 3.10499454
3.11499977 4.99999523E-3 1.06145501 6.75209686E-2 3.11499453
3.125 5.00011444E-3 1.17701221 7.10896552E-2 3.12499475
3.13500023 4.99999523E-3 1.15848255 7.09414855E-2 3.13499475
3.14499998 4.99999523E-3 1.1432544 7.03555718E-2 3.14499474
3.15500021 4.99999523E-3 1.10710883 6.94590732E-2 3.15499473
3.16499996 4.99999523E-3 1.09398329 6.90516084E-2 3.16499472
3.17500019 4.99999523E-3 1.12915564 7.10348189E-2 3.17499471
3.18499994 4.99999523E-3 1.19293606 7.27276579E-2 3.18499494
3.19500017 4.99999523E-3 1.25582528 7.46510699E-2 3.19499493
3.20499992 4.99999523E-3 1.19853687 7.33422041E-2 3.20499492
3.21500015 4.99999523E-3 1.02884209 6.84171543E-2 3.21499491
3.2249999 4.99999523E-3 1.17815733 7.30589405E-2 3.2249949
3.23500013 4.99999523E-3 1.15904891 7.2784327E-2 3.23499489
3.24499989 4.99999523E-3 1.1683594 7.30150566E-2 3.24499488
3.25500011 4.99999523E-3 1.19456518 7.38677904E-2 3.25499487
3.26499987 4.99999523E-3 1.05583048 6.97631091E-2 3.26499486
3.2750001 4.99999523E-3 1.2894268 7.71237686E-2 3.27499485
3.28499985 4.99999523E-3 1.30547106 7.77326748E-2 3.28499484
3.29500008 4.99999523E-3 1.13400328 7.30276555E-2 3.29499483
3.30499983 4.99999523E-3 1.11463749 7.25363567E-2 3.30499482
3.31500006 4.99999523E-3 1.2161634 7.59101361E-2 3.31499481
3.32499981 4.99999523E-3 0.985180616 6.81374446E-2 3.3249948
3.33500004 4.99999523E-3 1.14773798 7.39954337E-2 3.33499503
3.34499979 4.99999523E-3 1.11726522 7.31020123E-2 3.34499502
3.35500002 4.99999523E-3 1.06101513 7.13628978E-2 3.35499501
3.36499977 4.99999523E-3 1.1033839 7.32849836E-2 3.364995
3.375 5.00011444E-3 1.1874696 7.6592885E-2 3.37499499
3.38500023 4.99999523E-3 1.09316337 7.31813908E-2 3.38499522
3.39499998 4.99999523E-3 1.14654624 7.509128E-2 3.39499521
3.40500021 4.99999523E-3 1.23245037 7.77834877E-2 3.4049952
3.41499996 4.99999523E-3 1.20157015 7.71460757E-2 3.41499519
3.42500019 4.99999523E-3 1.08630836 7.33968616E-2 3.42499518
3.43499994 4.99999523E-3 1.11504149 7.45699182E-2 3.43499517
3.44500017 4.99999523E-3 1.08835948 7.38734305E-2 3.44499516
3.45499992 4.99999523E-3 1.05862582 7.31229708E-2 3.45499516
3.46500015 4.99999523E-3 1.08634758 7.4331969E-2 3.46499515
3.4749999 4.99999523E-3 1.10504901 7.54956678E-2 3.47499514
3.48500013 4.99999523E-3 1.20859015 7.84198716E-2 3.48499513
3.49499989 4.99999523E-3 1.11619937 7.58438483E-2 3.49499512
3.50500011 4.99999523E-3 1.16939259 7.73562044E-2 3.50499535
3.51499987 4.99999523E-3 1.25966239 8.06329399E-2 3.51499534
3.5250001 4.99999523E-3 1.17898238 7.82425776E-2 3.52499533
3.53499985 4.99999523E-3 1.21112657 7.95846879E-2 3.53499532
3.54500008 4.99999523E-3 1.11104524 7.66440481E-2 3.54499531
3.55499983 4.99999523E-3 1.29459536 8.23643953E-2 3.5549953
3.56500006 4.99999523E-3 1.20939374 7.94005916E-2 3.56499529
3.57499981 4.99999523E-3 1.12766528 7.76884779E-2 3.57499528
3.58500004 4.99999523E-3 1.15232158 7.82149211E-2 3.58499527
3.59499979 4.99999523E-3 1.16914189 7.90769979E-2 3.59499526
3.60500002 4.99999523E-3 1.22640145 8.1115447E-2 3.60499525
3.61499977 4.99999523E-3 1.07662451 7.64848515E-2 3.61499524
3.625 5.00011444E-3 1.11707044 7.77180567E-2 3.62499547
3.63500023 4.99999523E-3 1.07353568 7.70233944E-2 3.63499546
3.64499998 4.99999523E-3 1.1414237 7.91169554E-2 3.64499545
3.65500021 4.99999523E-3 1.10755241 7.80054256E-2 3.65499544
3.66499996 4.99999523E-3 1.07610273 7.71412998E-2 3.66499543
3.67500019 4.99999523E-3 1.21669376 8.22932571E-2 3.67499542
3.68499994 4.99999523E-3 0.97539407 7.37207159E-2 3.68499565
3.69500017 4.99999523E-3 1.1163491 7.89268687E-2 3.69499564
3.70499992 4.99999523E-3 1.10521495 7.86388367E-2 3.70499563
3.71500015 4.99999523E-3 1.16545844 8.0994226E-2 3.71499562
3.7249999 4.99999523E-3 1.11864781 7.97823071E-2 3.72499561
3.73500013 4.99999523E-3 1.28028131 8.57079327E-2 3.7349956
3.74499989 4.99999523E-3 1.25088215 8.4976308E-2 3.74499559
3.75500011 4.99999523E-3 1.31161487 8.69419053E-2 3.75499558
3.76499987 4.99999523E-3 1.15338886 8.18448663E-2 3.76499557
3.7750001 4.99999523E-3 1.17188537 8.25364292E-2 3.77499557
3.78499985 4.99999523E-3 1.23325336 8.48896801E-2 3.78499556
3.79500008 4.99999523E-3 1.26985216 8.60994086E-2 3.79499555
3.80499983 4.99999523E-3 1.23737299 8.51732492E-2 3.80499554
3.81500006 4.99999523E-3 1.19834578 8.44950378E-2 3.81499553
3.82499981 4.99999523E-3 1.13092387 8.20337012E-2 3.82499552
3.83500004 4.99999523E-3 1.0640595 8.0272831E-2 3.83499551
3.84499979 4.99999523E-3 1.1567595 8.33682641E-2 3.8449955
3.85500002 4.99999523E-3 1.08582187 8.08148012E-2 3.85499549
3.86499977 4.99999523E-3 1.19003785 8.50905105E-2 3.86499548
3.875 5.00011444E-3 1.16902506 8.42522532E-2 3.87499571
3.88500023 4.99999523E-3 1.08750176 8.18342716E-2 3.88499594
3.89499998 4.99999523E-3 1.29725957 8.96062255E-2 3.89499593
3.90500021 4.99999523E-3 1.30064273 8.95283595E-2 3.90499592
3.91499996 4.99999523E-3 1.19696105 8.66769403E-2 3.91499591
3.92500019 4.99999523E-3 1.03203237 8.09051022E-2 3.9249959
3.93499994 4.99999523E-3 1.2027359 8.68913531E-2 3.93499589
3.94500017 4.99999523E-3 1.18440747 8.68107975E-2 3.94499588
3.95499992 4.99999523E-3 1.19287062 8.66485462E-2 3.95499587
3.96500015 4.99999523E-3 1.17903733 8.64380598E-2 3.96499586
3.9749999 4.99999523E-3 1.11156631 8.4253639E-2 3.97499585
3.98500013 4.99999523E-3 1.23872507 8.92587975E-2 3.98499584
3.99499989 4.99999523E-3 0.985842526 7.96849579E-2 3.99499583
4.00500011 5.00011444E-3 1.1471442 8.67879167E-2 4.00499582
4.01500034 4.99987602E-3 0.958928108 8.0102928E-2 4.01499605
4.0250001 5.00011444E-3 1.12847352 8.61453637E-2 4.0249958
4.03499985 4.99987602E-3 1.08874965 8.52367729E-2 4.03499603
4.04500008 5.00011444E-3 1.260638 9.19058472E-2 4.04499578
4.05500031 4.99987602E-3 1.114452 8.68346542E-2 4.05499601
4.06500006 5.00011444E-3 1.22351241 9.05440897E-2 4.06499577
4.07499981 4.99987602E-3 1.17740667 8.93616974E-2 4.07499599
4.08500004 5.00011444E-3 1.36344767 9.59187225E-2 4.08499575
4.09500027 4.99987602E-3 1.15278268 8.80206376E-2 4.09499598
4.10500002 5.00011444E-3 1.2036947 9.03415456E-2 4.10499573
4.11499977 4.99987602E-3 1.1939894 9.00003389E-2 4.11499596
4.125 5.00011444E-3 1.31143355 9.49923694E-2 4.12499619
4.13500023 4.99987602E-3 1.38074088 9.79778394E-2 4.13499594
4.14499998 5.00011444E-3 1.20972991 9.27054584E-2 4.14499617
4.15499973 4.99987602E-3 1.20937324 9.15445313E-2 4.15499592
4.16499996 5.00011444E-3 1.23346317 9.33478102E-2 4.16499615
4.17500019 4.99987602E-3 1.22901535 9.35483947E-2 4.1749959
4.18499994 5.00011444E-3 1.04502177 8.68647471E-2 4.18499613
4.19499969 4.99987602E-3 1.4421891 0.101826869 4.19499588
4.20499992 5.00011444E-3 1.04274511 8.65769535E-2 4.20499611
4.21500015 4.99987602E-3 1.23655748 9.47970897E-2 4.21499586
4.2249999 5.00011444E-3 1.18513167 9.32269916E-2 4.22499609
4.23499966 4.99987602E-3 1.23215663 9.63762403E-2 4.23499584
4.24499989 5.00011444E-3 1.26906466 9.6748963E-2 4.24499607
4.25500011 5.00011444E-3 1.24949157 9.56841633E-2 4.2549963
4.26500034 4.99987602E-3 1.33238804 9.90356281E-2 4.26499605
4.2750001 5.00011444E-3 1.30335975 9.93364304E-2 4.27499628
4.28499985 4.99987602E-3 1.0967747 9.08918753E-2 4.28499603
4.29500008 5.00011444E-3 1.16557133 9.39060897E-2 4.29499626
4.30500031 4.99987602E-3 1.22526336 9.65465158E-2 4.30499601
4.31500006 5.00011444E-3 1.17458022 9.40416753E-2 4.31499624
4.32499981 4.99987602E-3 1.23284256 9.75857005E-2 4.32499599
4.33500004 5.00011444E-3 1.39734209 0.103294499 4.33499622
4.34500027 4.99987602E-3 1.22623014 9.75352377E-2 4.34499598
4.35500002 5.00011444E-3 1.3629154 0.103305206 4.3549962
4.36499977 4.99987602E-3 1.18773794 9.64891464E-2 4.36499596
4.375 5.00011444E-3 1.05270731 9.12595838E-2 4.37499619
4.38500023 4.99987602E-3 1.32636964 0.102619581 4.38499641
4.39499998 5.00011444E-3 1.14171338 9.59425792E-2 4.39499617
4.40499973 4.99987602E-3 1.30005205 0.102868252 4.4049964
4.41499996 5.00011444E-3 1.23452401 0.100263163 4.41499615
4.42500019 4.99987602E-3 1.17834711 9.76796523E-2 4.42499638
4.43499994 5.00011444E-3 1.06556237 9.41187739E-2 4.43499613
4.44499969 4.99987602E-3 1.32868099 0.103752553 4.44499636
4.45499992 5.00011444E-3 1.22745526 0.101030365 4.45499611
4.46500015 4.99987602E-3 1.29174256 0.103887685 4.46499634
4.4749999 5.00011444E-3 1.42483127 0.109086946 4.47499609
4.48499966 4.99987602E-3 1.07512641 9.48340073E-2 4.48499632
4.49499989 5.00011444E-3 1.28868222 0.104661681 4.49499607
4.50500011 5.00011444E-3 1.26691687 0.103422418 4.5049963
4.51500034 4.99987602E-3 1.15953684 9.92378891E-2 4.51499653
4.5250001 5.00011444E-3 1.30032122 0.105124742 4.52499628
4.53499985 4.99987602E-3 1.32468653 0.106564827 4.53499651
4.54500008 5.00011444E-3 1.09062433 9.67772603E-2 4.54499626
4.55500031 4.99987602E-3 1.04974914 9.65622738E-2 4.55499649
4.56500006 5.00011444E-3 1.18604553 0.102776706 4.56499624
4.57499981 4.99987602E-3 1.14280629 0.100593515 4.57499647
4.58500004 5.00011444E-3 1.42145646 0.112192191 4.58499622
4.59500027 4.99987602E-3 1.22208452 0.104385875 4.59499645
4.60500002 5.00011444E-3 1.16884875 0.102308109 4.6049962
4.61499977 4.99987602E-3 1.25004697 0.105648249 4.61499643
4.625 5.00011444E-3 1.07035553 9.89262909E-2 4.62499619
4.63500023 4.99987602E-3 1.14340806 0.102054991 4.63499641
4.64499998 5.00011444E-3 1.22423375 0.105945349 4.64499617
4.65499973 4.99987602E-3 1.14609015 0.103500895 4.6549964
4.66499996 5.00011444E-3 1.11428893 0.101497844 4.66499662
4.67500019 4.99987602E-3 1.20343363 0.105741099 4.67499638
4.68499994 5.00011444E-3 1.25727427 0.10839954 4.6849966
4.69499969 4.99987602E-3 1.32481647 0.112883061 4.69499636
4.70499992 5.00011444E-3 1.15867174 0.105500661 4.70499659
4.71500015 4.99987602E-3 1.30286801 0.111504763 4.71499634
4.7249999 5.00011444E-3 1.3891089 0.115334801 4.72499657
4.73499966 4.99987602E-3 1.14929628 0.106624492 4.73499632
4.74499989 5.00011444E-3 1.34724844 0.114056736 4.74499655
4.75500011 5.00011444E-3 1.25027382 0.110481925 4.75499678
4.76500034 4.99987602E-3 1.18532121 0.109033011 4.76499653
4.7750001 5.00011444E-3 1.2189641 0.10988117 4.77499676
4.78499985 4.99987602E-3 1.25640798 0.111051828 4.78499651
4.79500008 5.00011444E-3 1.0827347 0.10393288 4.79499674
4.80500031 4.99987602E-3 1.2989465 0.114133455 4.80499649
4.81500006 5.00011444E-3 1.22564018 0.112063639 4.81499672
4.82499981 4.99987602E-3 1.37360942 0.118193917 4.82499647
4.83500004 5.00011444E-3 1.11315536 0.106135204 4.8349967
4.84500027 4.99987602E-3 1.23032248 0.112752192 4.84499645
4.85500002 5.00011444E-3 1.34154105 0.118293196 4.85499668
4.86499977 4.99987602E-3 1.22490633 0.113210469 4.86499643
4.875 5.00011444E-3 1.34118629 0.11808487 4.87499666
4.88500023 4.99987602E-3 1.40492487 0.120916687 4.88499641
4.89499998 5.00011444E-3 1.10735011 0.110523075 4.89499664
4.90499973 4.99987602E-3 1.44529498 0.123479888 4.9049964
4.91499996 5.00011444E-3 1.10537708 0.109648809 4.91499662
4.92500019 4.99987602E-3 1.271752 0.117540121 4.92499638
4.93499994 5.00011444E-3 1.18247652 0.114747107 4.9349966
4.94499969 4.99987602E-3 1.2728945 0.117415234 4.94499636
4.95499992 5.00011444E-3 1.20603347 0.115238801 4.95499659
4.96500015 4.99987602E-3 1.14456487 0.112489671 4.96499634
4.9749999 5.00011444E-3 1.20599866 0.11601039 4.97499657
4.98499966 4.99987602E-3 0.99671793 0.105932727 4.98499632
4.99499989 5.00011444E-3 1.31006706 0.122598648 4.99499655
5.00500011 5.00011444E-3 1.16098762 0.114658795 5.00499678
5.01500034 4.99987602E-3 1.11015582 0.112413757 5.01499701
5.0250001 5.00011444E-3 1.27563059 0.12158893 5.02499676
5.03499985 4.99987602E-3 1.02301884 0.109907277 5.03499699
5.04500008 5.00011444E-3 1.21274626 0.118619181 5.04499674
5.05500031 4.99987602E-3 1.16844594 0.117390998 5.05499697
5.06500006 5.00011444E-3 1.47233701 0.132424876 5.06499672
5.07499981 4.99987602E-3 1.200405 0.119134009 5.07499695
5.08500004 5.00011444E-3 1.29452193 0.124525845 5.0849967
5.09500027 4.99987602E-3 1.20313728 0.122291096 5.09499693
5.10500002 5.00011444E-3 0.94133842 0.105908848 5.10499668
5.11499977 4.99987602E-3 1.13607824 0.117472664 5.11499691
5.125 5.00011444E-3 1.19754171 0.121546902 5.12499666
5.13500023 4.99987602E-3 1.28751814 0.125054821 5.13499689
5.14499998 5.00011444E-3 1.44384921 0.134019494 5.14499664
5.15499973 4.99987602E-3 1.2211138 0.12272656 5.15499687
5.16499996 5.00011444E-3 1.37306082 0.13119857 5.16499662
5.17500019 4.99987602E-3 1.30174899 0.127646998 5.17499685
5.18499994 5.00011444E-3 1.22279859 0.124156393 5.1849966
5.19499969 4.99987602E-3 1.15130329 0.123278521 5.19499683
5.20499992 5.00011444E-3 1.22611821 0.126711696 5.20499659
5.21500015 4.99987602E-3 1.19545674 0.125569418 5.21499681
5.2249999 5.00011444E-3 1.30895591 0.130849183 5.22499657
5.23499966 4.99987602E-3 1.41536808 0.137069285 5.2349968
5.24499989 5.00011444E-3 1.20427597 0.125554442 5.24499655
5.25500011 5.00011444E-3 1.5990454 0.145653114 5.25499678
5.26500034 4.99987602E-3 1.56956577 0.145065188 5.26499701
5.2750001 5.00011444E-3 1.10288846 0.121057734 5.27499676
5.28499985 4.99987602E-3 1.33477092 0.134470582 5.28499699
5.29500008 5.00011444E-3 1.31955266 0.133617178 5.29499674
5.30500031 4.99987602E-3 1.22853076 0.131547853 5.30499697
5.31500006 5.00011444E-3 1.38625944 0.139585465 5.31499672
5.32499981 4.99987602E-3 1.25825417 0.132576898 5.32499695
5.33500004 5.00011444E-3 1.2497139 0.132413849 5.3349967
5.34500027 4.99987602E-3 1.25487912 0.132623628 5.34499693
5.35500002 5.00011444E-3 1.37878227 0.142363623 5.35499668
5.36499977 4.99987602E-3 1.03202999 0.121180139 5.36499691
5.375 5.00011444E-3 1.3158567 0.137883246 5.37499666
5.38500023 4.99987602E-3 1.07219005 0.125789165 5.38499689
5.39499998 5.00011444E-3 1.64286315 0.154501483 5.39499712
5.40499973 4.99987602E-3 1.06053126 0.124526732 5.40499687
5.41499996 5.00011444E-3 1.42016804 0.1448908 5.4149971
5.42500019 4.99987602E-3 1.31461477 0.138936877 5.42499685
5.43499994 5.00011444E-3 1.19255352 0.134473681 5.43499708
5.44499969 4.99987602E-3 1.36143792 0.141939715 5.44499683
5.45499992 5.00011444E-3 1.11693025 0.129377678 5.45499706
5.46500015 4.99987602E-3 1.40037525 0.145581782 5.46499681
5.4749999 5.00011444E-3 1.42772663 0.147990093 5.47499704
5.48499966 4.99987602E-3 1.51579332 0.153407633 5.4849968
5.49499989 5.00011444E-3 1.35540426 0.145251587 5.49499702
5.50500011 5.00011444E-3 1.16377735 0.1352119 5.50499725
5.51500034 4.99987602E-3 1.23566103 0.139839828 5.51499701
5.5250001 5.00011444E-3 1.38793015 0.147511363 5.52499723
5.53499985 4.99987602E-3 1.39632046 0.148009673 5.53499699
5.54500008 5.00011444E-3 1.38918519 0.150114164 5.54499722
5.55500031 4.99987602E-3 1.4257524 0.150287494 5.55499697
5.56500006 5.00011444E-3 1.18488634 0.138179243 5.5649972
5.57499981 4.99987602E-3 1.09621239 0.132935286 5.57499695
5.58500004 5.00011444E-3 1.00294399 0.129834339 5.58499718
5.59500027 4.99987602E-3 1.03114343 0.130396664 5.59499693
5.60500002 5.00011444E-3 1.14874434 0.137301207 5.60499716
5.61499977 4.99987602E-3 1.10600102 0.135594279 5.61499691
5.625 5.00011444E-3 1.01240551 0.129625246 5.62499714
5.63500023 4.99987602E-3 1.00176382 0.131433263 5.63499689
5.64499998 5.00011444E-3 1.15078568 0.138538316 5.64499712
5.65499973 4.99987602E-3 1.33705366 0.152292341 5.65499687
5.66499996 5.00011444E-3 1.5134995 0.160430625 5.6649971
5.67500019 4.99987602E-3 1.32093704 0.150996163 5.67499685
5.68499994 5.00011444E-3 1.29861748 0.15042311 5.68499708
5.69499969 4.99987602E-3 1.2508924 0.151843041 5.69499683
5.70499992 5.00011444E-3 1.22103393 0.150443882 5.70499706
5.71500015 4.99987602E-3 1.24793887 0.148103103 5.71499681
5.7249999 5.00011444E-3 1.23952198 0.148151219 5.72499704
5.73499966 4.99987602E-3 1.17488134 0.146759555 5.7349968
5.74499989 5.00011444E-3 1.34400761 0.157678768 5.74499702
5.75500011 5.00011444E-3 0.99141556 0.136056706 5.75499725
5.76500034 4.99987602E-3 1.44345105 0.162886336 5.76499701
5.7750001 5.00011444E-3 0.973625064 0.134328574 5.77499723
5.78499985 4.99987602E-3 1.31729186 0.156852707 5.78499699
5.79500008 5.00011444E-3 1.1373235 0.148477331 5.79499722
5.80500031 4.99987602E-3 1.125247 0.145837396 5.80499697
5.81500006 5.00011444E-3 1.02158642 0.142094865 5.8149972
5.82499981 4.99987602E-3 1.25472915 0.154997185 5.82499695
5.83500004 5.00011444E-3 1.18007874 0.150438279 5.83499718
5.84500027 4.99987602E-3 1.12591445 0.149009004 5.84499741
5.85500002 5.00011444E-3 1.34487128 0.165220186 5.85499716
5.86499977 4.99987602E-3 1.07140934 0.145084471 5.86499739
5.875 5.00011444E-3 1.4326427 0.16821976 5.87499714
5.88500023 4.99987602E-3 1.32849824 0.162872151 5.88499737
5.89499998 5.00011444E-3 1.33573043 0.164309561 5.89499712
5.90499973 4.99987602E-3 1.25404787 0.157995179 5.90499735
5.91499996 5.00011444E-3 1.4432869 0.170093 5.9149971
5.92500019 4.99987602E-3 1.30491757 0.163714111 5.92499733
5.93499994 5.00011444E-3 1.2477814 0.160377368 5.93499708
5.94499969 4.99987602E-3 1.27993989 0.163168728 5.94499731
5.95499992 5.00011444E-3 1.28491521 0.166336417 5.95499706
5.96500015 4.99987602E-3 1.31123602 0.165816709 5.96499729
5.9749999 5.00011444E-3 1.171996 0.159346595 5.97499704
5.98499966 4.99987602E-3 1.33564305 0.168275207 5.98499727
5.99499989 5.00011444E-3 1.11365211 0.155790865 5.99499702
6.00500011 5.00011444E-3 1.13341975 0.158556208 6.00499725
6.01500034 4.99987602E-3 0.82891494 0.135288209 6.01499748
6.0250001 5.00011444E-3 1.18901587 0.160326853 6.02499723
6.03499985 4.99987602E-3 1.43810582 0.179640085 6.03499746
6.04500008 5.00011444E-3 1.62488925 0.19138521 6.04499722
6.05500031 4.99987602E-3 1.025056 0.151902691 6.05499744
6.06500006 5.00011444E-3 1.32199156 0.172793493 6.0649972
6.07499981 4.99987602E-3 1.15362835 0.162281275 6.07499743
6.08500004 5.00011444E-3 1.44993341 0.181907699 6.08499718
6.09500027 4.99987602E-3 1.6765579 0.197470918 6.09499741
6.10500002 5.00011444E-3 1.28360939 0.175190374 6.10499716
6.11499977 4.99987602E-3 1.35566819 0.176492959 6.11499739
6.125 5.00011444E-3 1.41494584 0.181863025 6.12499714
6.13500023 4.99987602E-3 1.44817436 0.183918327 6.13499737
6.14499998 5.00011444E-3 1.27413678 0.177222699 6.14499712
6.15499973 4.99987602E-3 1.24829471 0.17146647 6.15499735
6.16499996 5.00011444E-3 1.26885474 0.17506066 6.1649971
6.17500019 4.99987602E-3 1.37202966 0.182477683 6.17499733
6.18499994 5.00011444E-3 1.41911507 0.184753045 6.18499708
6.19499969 4.99987602E-3 1.53115463 0.196575448 6.19499731
6.20499992 5.00011444E-3 1.37661016 0.18472755 6.20499706
6.21500015 4.99987602E-3 1.31147122 0.18094036 6.21499729
6.2249999 5.00011444E-3 1.34334362 0.186112538 6.22499704
6.23499966 4.99987602E-3 1.40865922 0.189028218 6.23499727
6.24499989 5.00011444E-3 1.49698913 0.19640775 6.24499702
6.25500011 5.00011444E-3 1.17079127 0.177088842 6.25499725
6.26500034 4.99987602E-3 0.713435411 0.134826615 6.26499748
6.2750001 5.00011444E-3 1.43799376 0.192964613 6.27499723
6.28499985 4.99987602E-3 1.20734489 0.17976734 6.28499746
6.29500008 5.00011444E-3 1.622118 0.206790134 6.29499722
6.30500031 4.99987602E-3 1.12504888 0.171568334 6.30499744
6.31500006 5.00011444E-3 1.24051535 0.18184641 6.3149972
6.32499981 4.99987602E-3 1.41784453 0.195616409 6.32499743
6.33500004 5.00011444E-3 1.54759383 0.206632063 6.33499718
6.34500027 4.99987602E-3 1.09913385 0.171655878 6.34499741
6.35500002 5.00011444E-3 1.24718773 0.18388781 6.35499716
6.36499977 4.99987602E-3 1.30554593 0.192272216 6.36499739
6.375 5.00011444E-3 1.21722138 0.184474617 6.37499762
6.38500023 4.99987602E-3 1.01124787 0.169624671 6.38499737
6.39499998 5.00011444E-3 1.14195466 0.178343356 6.3949976
6.40499973 4.99987602E-3 1.32437825 0.194139823 6.40499735
6.41499996 5.00011444E-3 1.76236558 0.224669114 6.41499758
6.42500019 4.99987602E-3 1.28069699 0.190915033 6.42499733
6.43499994 5.00011444E-3 1.33758819 0.19915989 6.43499756
6.44499969 4.99987602E-3 1.1105783 0.181258827 6.44499731
6.45499992 5.00011444E-3 1.76834798 0.230040699 6.45499754
6.46500015 4.99987602E-3 1.28703904 0.194028437 6.46499729
6.4749999 5.00011444E-3 1.17686725 0.186079055 6.47499752
6.48499966 4.99987602E-3 1.48359764 0.209812388 6.48499727
6.49499989 5.00011444E-3 1.29958332 0.199257553 6.4949975
6.50500011 5.00011444E-3 1.48737228 0.213495106 6.50499773
6.51500034 4.99987602E-3 0.999894261 0.179199651 6.51499748
6.5250001 5.00011444E-3 1.28732955 0.198639259 6.52499771
6.53499985 4.99987602E-3 1.13328063 0.186310202 6.53499746
6.54500008 5.00011444E-3 1.0368979 0.181762218 6.54499769
6.55500031 4.99987602E-3 1.34926677 0.211444855 6.55499744
6.56500006 5.00011444E-3 1.2771616 0.204205573 6.56499767
6.57499981 4.99987602E-3 1.22807992 0.201568589 6.57499743
6.58500004 5.00011444E-3 1.0858022 0.186213538 6.58499765
6.59500027 4.99987602E-3 1.35881138 0.21083045 6.59499741
6.60500002 5.00011444E-3 1.17817223 0.197624221 6.60499763
6.61499977 4.99987602E-3 1.05687511 0.188175708 6.61499739
6.625 5.00011444E-3 1.24526525 0.202008709 6.62499762
6.63500023 4.99987602E-3 1.32833886 0.210028812 6.63499737
6.64499998 5.00011444E-3 1.26001239 0.209647134 6.6449976
6.65499973 4.99987602E-3 1.0715282 0.189421207 6.65499735
6.66499996 5.00011444E-3 1.2929647 0.211026326 6.66499758
6.67500019 4.99987602E-3 1.16415906 0.206577376 6.67499733
6.68499994 5.00011444E-3 1.4410373 0.222356886 6.68499756
6.69499969 4.99987602E-3 1.16870046 0.206176534 6.69499731
6.70499992 5.00011444E-3 1.34885252 0.22139138 6.70499754
6.71500015 4.99987602E-3 0.920578539 0.188646808 6.71499729
6.7249999 5.00011444E-3 1.08348954 0.200716034 6.72499752
6.73499966 4.99987602E-3 1.56093061 0.235319152 6.73499727
6.74499989 5.00011444E-3 0.96195966 0.191803113 6.7449975
6.75500011 5.00011444E-3 1.39372981 0.228757218 6.75499773
6.76500034 4.99987602E-3 1.32210958 0.221767977 6.76499748
6.7750001 5.00011444E-3 1.46235788 0.231219083 6.77499771
6.78499985 4.99987602E-3 1.58086598 0.241079792 6.78499746
6.79500008 5.00011444E-3 1.00316846 0.193059862 6.79499769
6.80500031 4.99987602E-3 1.3451854 0.224197567 6.80499744
6.81500006 5.00011444E-3 1.01249552 0.194854841 6.81499767
6.82499981 4.99987602E-3 1.64934206 0.25288406 6.82499743
6.83500004 5.00011444E-3 1.87575614 0.267965168 6.83499765
6.84500027 4.99987602E-3 1.19831359 0.215223476 6.84499741
6.85500002 5.00011444E-3 1.59361613 0.248881027 6.85499763
6.86499977 4.99987602E-3 1.6160903 0.25382185 6.86499739
6.875 5.00011444E-3 1.47775137 0.244461745 6.87499762
6.88500023 4.99987602E-3 1.18707585 0.216729403 6.88499737
6.89499998 5.00011444E-3 1.15841472 0.215112209 6.8949976
6.90499973 4.99987602E-3 0.921912611 0.200357616 6.90499735
6.91499996 5.00011444E-3 1.76635408 0.27082482 6.91499758
6.92500019 4.99987602E-3 1.73421097 0.269076705 6.92499733
6.93499994 5.00011444E-3 0.783265769 0.17969349 6.93499756
6.94499969 4.99987602E-3 1.44694567 0.251390934 6.94499731
6.95499992 5.00011444E-3 1.53221345 0.25701037 6.95499754
6.96500015 4.99987602E-3 1.4000293 0.243713811 6.96499729
6.9749999 5.00011444E-3 1.4894408 0.251761466 6.97499752
6.98499966 4.99987602E-3 1.33337975 0.239482075 6.98499727
