READ SERR 1 2
@BAT_060218_t90.pco
!
11 1 1.78859409E-4 2.02398485E-4 2.95260281E-4
13 1 4.16919793E-4 4.32676781E-4 4.39277384E-4
15 1 5.20847039E-4 1.57869188E-4 4.86980658E-4
17 1 3.2883478E-4 1.3000764E-4 4.79539129E-4
19 1 3.20197316E-4 1.25733859E-4 4.43214842E-4
21 1 3.90236877E-4 1.2422337E-4 4.02393402E-4
23 1 3.21746018E-4 1.19950149E-4 3.53243115E-4
25 1 4.92693332E-4 1.17656418E-4 2.96919985E-4
27 1 4.01944475E-4 1.06385953E-4 2.4256263E-4
29.0499992 1.05000019 1.82721196E-4 9.34943819E-5 2.04827753E-4
31.0999985 0.999999046 2.29508107E-4 8.9048277E-5 1.74462635E-4
33.1500015 1.05000114 2.35463187E-4 7.94002408E-5 1.47928935E-4
35.25 1.04999924 1.6565618E-4 7.43387354E-5 1.295853E-4
37.2999992 1 1.2848452E-4 7.25431164E-5 1.17657612E-4
39.3499985 1.05000114 1.82145377E-4 6.97226424E-5 1.07332118E-4
41.4500008 1.04999924 4.39978103E-5 6.71412708E-5 9.75676012E-5
43.5499992 1.04999924 7.13842746E-5 6.49416543E-5 9.02541869E-5
45.6999969 1.10000038 1.18679156E-4 6.12174626E-5 8.30604768E-5
47.8499985 1.05000114 1.1128292E-4 6.12335716E-5 7.60787443E-5
50 1.09999847 1.42527177E-4 5.95801175E-5 7.02873658E-5
52.1500015 1.05000114 5.84009467E-5 6.05706082E-5 6.48027053E-5
54.3000031 1.10000038 3.17212362E-5 5.85614653E-5 6.02049731E-5
57.5999985 2.19999886 2.30337537E-5 4.25696962E-5 5.35901854E-5
60.9000015 1.10000038 2.87991152E-5 5.45408184E-5 4.69486586E-5
63.0999985 1.09999847 8.39473505E-5 5.34857318E-5 4.30374384E-5
66.4499969 2.25 1.35662895E-5 3.68723886E-5 3.75598393E-5
72.0500031 3.35000229 9.30000988E-6 2.82319161E-5 2.97513725E-5
76.5500031 1.14999771 2.49176192E-5 4.60821757E-5 2.42978458E-5
78.8499985 1.15000153 2.6940801E-5 4.29556349E-5 2.19704161E-5
85.8499985 5.84999847 -1.60880627E-5 1.79624458E-5 1.64435551E-5
96.4499969 4.75 6.0743314E-6 1.69442865E-5 1.08364375E-5
102.399994 1.20000076 3.44287764E-5 3.23324493E-5 8.44486931E-6
104.800003 1.20000076 6.15161844E-5 3.23945023E-5 7.64592824E-6
107.199997 1.20000076 3.64635489E-5 3.18418643E-5 6.94611208E-6
114.550003 6.14999771 -2.52691225E-5 1.3462035E-5 5.24947291E-6
127 6.30000305 9.26277323E-7 1.24439439E-5 3.24596544E-6
135.850006 2.54999542 4.55676354E-6 1.87660353E-5 2.31151398E-6
144.899994 6.5 -1.6797725E-5 1.14112054E-5 1.67329438E-6
158.049988 6.65000153 -8.25020891E-7 1.06606303E-5 1.0496052E-6
171.449997 6.75 -7.49715127E-6 9.44294879E-6 6.64737172E-7
185.149994 6.95000458 -1.59868923E-5 8.80813059E-6 4.21928547E-7
193.5 1.3999939 -1.33742278E-5 1.88336508E-5 2.44556475E-7
