READ SERR 1 2
@BAT_100316D_t90.pco
!
11 1 8.92818935E-5 9.6224765E-5 1.88605336E-4
13 1 2.76480976E-4 2.79244035E-4 2.73422484E-4
15 1 3.91436275E-4 8.96838101E-5 2.94641708E-4
17 1 1.99202623E-4 5.55929837E-5 2.84474401E-4
19 1 2.61903886E-4 5.50584409E-5 2.59703433E-4
21 1 3.16779158E-4 5.30710786E-5 2.34222418E-4
23 1 2.07174802E-4 4.73536165E-5 2.04669515E-4
25 1 2.15425462E-4 4.51458873E-5 1.70837971E-4
27 1 1.32341898E-4 4.03995182E-5 1.39123251E-4
29.0499992 1.05000019 7.7155375E-5 3.548924E-5 1.18083728E-4
31.0999985 0.999999046 1.62630051E-4 3.43053543E-5 1.0062768E-4
33.1500015 1.05000114 6.01290049E-5 3.00074826E-5 8.53836027E-5
35.25 1.04999924 8.12800281E-5 2.81588491E-5 7.48941384E-5
37.2999992 1 5.19754212E-5 2.76598676E-5 6.80359954E-5
39.3499985 1.05000114 6.68525026E-5 2.6095513E-5 6.21174768E-5
41.4500008 1.04999924 2.50721296E-5 2.49211662E-5 5.65282899E-5
43.5499992 1.04999924 1.55408998E-5 2.37915738E-5 5.23459566E-5
45.6999969 1.10000038 5.96337777E-5 2.27563887E-5 4.82035321E-5
47.8499985 1.05000114 7.4724383E-5 2.27714991E-5 4.41550037E-5
50 1.09999847 3.13771015E-5 2.17577672E-5 4.07761472E-5
52.1500015 1.05000114 5.18821798E-5 2.20740603E-5 3.75776217E-5
54.3000031 1.10000038 4.72961001E-5 2.17244396E-5 3.48716858E-5
56.5 1.09999847 1.54336831E-5 2.21519495E-5 3.2196167E-5
59.7999992 2.20000076 2.92251698E-5 1.45340646E-5 2.83488625E-5
63.0999985 1.09999847 3.32273921E-5 1.95128232E-5 2.46889285E-5
65.3000031 1.10000229 3.85986505E-6 1.9451707E-5 2.24913892E-5
68.6500015 2.25 1.46411994E-5 1.2636825E-5 1.95205666E-5
72.0500031 1.14999771 5.23888302E-5 1.73631797E-5 1.67729158E-5
76.5999985 3.40000153 3.03894672E-6 9.43459418E-6 1.36706522E-5
81.1500015 1.15000153 5.73594934E-6 1.49652433E-5 1.10503624E-5
84.6500015 2.34999847 1.29402213E-6 1.05626823E-5 9.48364595E-6
88.1500015 1.15000153 2.48371562E-5 1.47507717E-5 8.37699008E-6
90.5 1.19999695 5.13818213E-6 1.30275466E-5 7.74741693E-6
94.0500031 2.35000229 9.11774532E-6 8.47906995E-6 6.69513565E-6
97.6000061 1.20000076 2.22728941E-5 1.12569296E-5 5.76690945E-6
100 1.19999695 7.01409726E-6 1.1133463E-5 5.22395203E-6
102.399994 1.20000076 8.64099832E-7 1.09453467E-5 4.71957628E-6
104.800003 1.20000076 5.93951063E-6 1.08541071E-5 4.26408224E-6
108.449997 2.45000076 7.75211356E-6 7.35467574E-6 3.68209885E-6
112.100006 1.20000076 3.1199047E-6 1.02389831E-5 3.17304625E-6
115.75 2.44999695 1.39023468E-5 7.0913693E-6 2.7416288E-6
124.5 6.30000305 -7.09290316E-6 4.20103379E-6 1.96015867E-6
132.050003 1.25 1.95442476E-6 9.04072203E-6 1.44576654E-6
134.600006 1.29999542 1.24722419E-5 8.822577E-6 1.31547642E-6
137.149994 1.25 9.27725978E-6 8.90951651E-6 1.19428069E-6
144.899994 6.5 4.92584959E-8 3.76793741E-6 9.02613806E-7
152.75 1.3500061 1.09742848E-6 7.68435893E-6 6.73132092E-7
160.75 6.6499939 -1.6719373E-6 3.313457E-6 5.10842028E-7
168.75 1.3500061 7.93960226E-6 6.93431321E-6 3.84201883E-7
172.800003 2.69999695 4.44257785E-6 4.84057227E-6 3.3538447E-7
182.399994 6.90000153 -3.83733914E-6 2.86158911E-6 2.4569195E-7
192.100006 2.79999542 -4.07906373E-6 4.3125151E-6 1.53467752E-7
